[Coordinate_1]
x = 38.3927299
y = -0.5221553
notice = 1

[Coordinate_2]
x = 38.387514
y = -0.500296
notice = 2
