[Coordinateh_1]
x = 38.39736
y = -0.470634
notice = 1

[Coordinateh_2]
x = 38.355103
y = -0.489099
notice = 2
