[Notice_1]
fecha = 30/03/2019
categoria = incendio
visto = 1
lat = 38.3715646
long = -0.4929411

[Notice_2]
fecha = 03/04/2019
categoria = inundacion
visto = 0
lat = 38.4020435
long = -0.4474429

[Notice_3]
fecha = 28/04/2019
categoria = terremoto
visto = 1
lat = 38.4033032
long = -0.4087087
