[Notice_1]
fecha = 30/03/2019
valoracion = 7
visto = true
lat = 38.343584
long = -0.508052

[Notice_2]
fecha = 03/04/2019
valoracion = 3
visto = false
lat = 38.380364
long = -0.481615
